262 100 MINNICK      0.074 -0.981  -469.39337  969  0.616  0.755
266 200 DJOU         0.202 -0.824   -72.31322  202  0.699  0.847
269 200 CASTLE       0.215 -0.751  -280.96228  986  0.752  0.862
194 100 SCHAUER     -0.276 -0.735  -233.45911  978  0.788  0.912
273 200 KIRK         0.235 -0.727  -240.77213  921  0.770  0.889
289 200 EHLERS       0.307 -0.708  -368.08606  949  0.679  0.828
425 200 SENSENBR     0.659 -0.700  -171.73778  986  0.840  0.921
59 100 BLUMENAU    -0.487 -0.699   -98.63352  963  0.903  0.967
100 100 SPEIER      -0.428 -0.692  -125.63369  892  0.869  0.946
142 100 POLIS       -0.357 -0.659  -139.57469  973  0.866  0.957
1 100 LEE         -0.746 -0.645   -59.94053  965  0.940  0.983
439 200 MCCLINTOCK   0.780 -0.626  -174.14822  985  0.838  0.919
275 200 JOHNSON      0.242 -0.622  -435.58511  954  0.633  0.812
440 200 CAMPBELL     0.784 -0.620  -166.99031  897  0.830  0.919
332 200 BILBRAY      0.408 -0.589  -245.43959  953  0.773  0.888
13 100 ELLISON     -0.619 -0.584   -70.66353  906  0.925  0.971
434 200 CHAFFETZ     0.722 -0.582  -225.79869  980  0.794  0.896
6 100 STARK       -0.674 -0.566  -143.26717  805  0.837  0.952
147 100 QUIGLEY     -0.348 -0.559  -119.06994  849  0.869  0.956
23 100 JACKSON     -0.592 -0.557   -72.15650  970  0.928  0.971
297 200 UPTON        0.324 -0.551  -202.81058  986  0.814  0.902
82 100 LOFGREN     -0.451 -0.551   -65.55631  885  0.929  0.977
2 100 CONYERS     -0.707 -0.550  -102.11217  891  0.892  0.962
31 100 NADLER      -0.558 -0.550   -89.98637  959  0.910  0.965
19 100 WOOLSEY     -0.600 -0.548   -76.02773  939  0.922  0.970
354 200 HELLER       0.459 -0.535  -211.01939  947  0.800  0.907
37 100 FRANK       -0.545 -0.523   -72.59713  946  0.926  0.973
282 200 FRELINGH     0.274 -0.511  -247.45418  979  0.777  0.872
26 100 HONDA       -0.576 -0.509   -71.82306  950  0.927  0.973
216 100 HALVORSON   -0.215 -0.508  -275.11456  982  0.756  0.899
293 200 BIGGERT      0.315 -0.507  -247.65550  980  0.777  0.864
261 100 BRIGHT       0.071 -0.505  -600.37939  945  0.530  0.661
9 100 PAYNE       -0.639 -0.497   -69.92419  947  0.929  0.970
105 100 ESHOO       -0.426 -0.478   -48.74107  962  0.951  0.984
402 200 RYAN         0.574 -0.467  -139.19725  955  0.864  0.953
433 200 ROYCE        0.714 -0.458  -152.42668  980  0.856  0.933
429 200 LUMMIS       0.682 -0.456  -170.21510  981  0.841  0.926
16 100 EDWARDS     -0.613 -0.448   -63.93512  980  0.937  0.977
44 100 SERRANO     -0.533 -0.448   -54.32342  975  0.946  0.982
78 100 COHEN       -0.454 -0.423   -88.70869  954  0.911  0.976
43 100 DAVIS       -0.534 -0.422   -65.77787  921  0.931  0.974
33 100 TIERNEY     -0.551 -0.417   -91.47837  957  0.909  0.968
110 100 VAN HOLLE   -0.413 -0.293   -36.89875  967  0.963  0.993
30 100 WATSON      -0.567 -0.410   -52.61449  921  0.944  0.980
32 100 CHU         -0.557 -0.405   -28.33409  603  0.954  0.988
24 100 VELAZQUE    -0.588 -0.404   -77.70013  943  0.921  0.970
42 100 MARKEY      -0.535 -0.399   -68.01649  970  0.932  0.978
291 200 LANCE        0.312 -0.395  -201.38083  986  0.815  0.908
36 100 RANGEL      -0.545 -0.389   -67.90701  931  0.930  0.973
316 200 PETRI        0.373 -0.386  -276.01392  983  0.755  0.891
91 100 WEINER      -0.439 -0.386   -78.27984  962  0.922  0.969
108 100 MALONEY     -0.418 -0.382   -58.37223  934  0.939  0.980
375 200 HOEKSTRA     0.522 -0.381  -149.78523  779  0.825  0.932
25 100 MOORE       -0.578 -0.376   -89.12732  936  0.909  0.963
22 100 MILLER      -0.592 -0.375   -59.73941  953  0.939  0.980
69 100 DEGETTE     -0.474 -0.373   -48.46276  946  0.950  0.985
357 200 CASSIDY      0.464 -0.372  -200.60378  954  0.810  0.919
221 100 FOSTER      -0.202 -0.370  -262.19995  983  0.766  0.905
268 200 REICHERT     0.208 -0.366  -249.49481  961  0.771  0.904
327 200 PAULSEN      0.402 -0.365  -178.25569  983  0.834  0.919
204 100 HIMES       -0.255 -0.363  -202.91249  961  0.810  0.916
95 100 BERMAN      -0.433 -0.360   -47.52868  948  0.951  0.984
53 100 PINGREE     -0.503 -0.357   -67.01258  953  0.932  0.977
51 100 WAXMAN      -0.504 -0.353   -47.22048  936  0.951  0.984
418 200 ROHRABAC     0.622 -0.346  -301.09006  953  0.729  0.898
90 100 DOGGETT     -0.442 -0.346  -175.24319  979  0.836  0.945
45 100 PELOSI      -0.530 -0.340    -2.07303   86  0.976  1.000
39 100 DELAHUNT    -0.538 -0.332   -61.96928  842  0.929  0.971
202 100 PETERS      -0.259 -0.330  -228.66174  983  0.792  0.920
271 200 GERLACH      0.219 -0.327  -199.44244  945  0.810  0.909
49 100 RUSH        -0.513 -0.321  -105.24193  905  0.890  0.964
278 200 ROS-LEHT     0.250 -0.319  -204.67694  938  0.804  0.898
50 100 ROYBAL-A    -0.508 -0.319   -48.63971  976  0.951  0.985
29 100 WATT        -0.568 -0.316   -83.36428  970  0.918  0.966
106 100 CAPPS       -0.426 -0.314   -42.66608  962  0.957  0.986
432 200 GARRETT      0.704 -0.312  -153.20749  977  0.855  0.937
56 100 HOLT        -0.498 -0.306   -61.82099  972  0.938  0.981
38 100 BECERRA     -0.544 -0.302   -46.38044  952  0.952  0.986
48 100 GUTIERRE    -0.520 -0.299   -96.33878  879  0.896  0.960
107 100 LOWEY       -0.419 -0.296   -56.03346  971  0.944  0.978
60 100 FARR        -0.486 -0.295   -69.44899  968  0.931  0.977
76 100 TONKO       -0.458 -0.294   -48.72100  982  0.952  0.983
8 100 SCHAKOWS    -0.643 -0.288   -50.63157  973  0.949  0.979
274 200 DENT         0.241 -0.287  -212.98297  958  0.801  0.889
35 100 SANCHEZ     -0.548 -0.285   -34.94588  842  0.959  0.990
383 200 ISSA         0.531 -0.285  -153.84166  965  0.853  0.935
265 200 LOBIONDO     0.196 -0.284  -205.66879  987  0.812  0.921
7 100 CLARKE      -0.648 -0.283   -60.46002  966  0.939  0.978
72 100 MCCOLLUM    -0.464 -0.282   -48.94238  958  0.950  0.986
442 200 GRAVES       0.906 -0.280   -13.41846  179  0.928  0.966
279 200 PLATTS       0.254 -0.279  -227.95062  960  0.789  0.880
161 100 MORAN       -0.328 -0.276  -110.18239  898  0.885  0.961
234 100 BEAN        -0.178 -0.273  -359.84836  952  0.685  0.867
259 100 NYE         -0.042 -0.272  -443.95981  985  0.637  0.801
382 200 JENKINS      0.531 -0.272  -174.35153  987  0.838  0.932
393 200 COFFMAN      0.551 -0.271  -156.82487  973  0.851  0.931
47 100 KILPATRI    -0.522 -0.270   -85.70850  890  0.908  0.961
102 100 WEXLER      -0.427 -0.268   -29.57858  612  0.953  0.984
413 200 MACK         0.604 -0.264  -145.20212  951  0.858  0.930
189 100 HODES       -0.282 -0.262  -207.16789  930  0.800  0.923
286 200 WOLF         0.280 -0.262  -208.42725  986  0.809  0.900
288 200 FORTENBE     0.303 -0.261  -215.44727  961  0.799  0.891
409 200 BACHMANN     0.595 -0.258  -117.27827  888  0.876  0.955
263 200 SMITH        0.131 -0.252  -227.03015  967  0.791  0.913
356 200 ROSKAM       0.461 -0.252  -143.25819  964  0.862  0.934
68 100 MATSUI      -0.475 -0.252   -40.12118  979  0.960  0.989
343 200 TERRY        0.436 -0.251  -173.77368  972  0.836  0.920
64 100 NAPOLITA    -0.479 -0.251   -75.73769  960  0.924  0.970
10 100 GRIJALVA    -0.639 -0.245   -75.07304  935  0.923  0.974
444 200 PAUL         0.970 -0.242  -413.02911  905  0.634  0.862
254 100 KIRKPATRICK -0.077 -0.241  -396.07278  964  0.663  0.817
154 100 MURPHY      -0.337 -0.240   -90.33504  972  0.911  0.969
436 200 HENSARLIN    0.745 -0.240   -84.98605  971  0.916  0.968
131 100 SHERMAN     -0.376 -0.239   -79.28912  972  0.922  0.973
79 100 ACKERMAN    -0.454 -0.239   -52.32830  922  0.945  0.977
12 100 LEWIS       -0.624 -0.237   -51.86398  831  0.939  0.978
20 100 BALDWIN     -0.594 -0.237   -50.80659  959  0.948  0.981
360 200 SCHMIDT      0.466 -0.237  -141.80479  944  0.861  0.944
84 100 MEEKS       -0.450 -0.237   -62.46058  935  0.935  0.972
135 100 DAVIS       -0.367 -0.235   -42.09109  978  0.958  0.991
324 200 TIBERI       0.401 -0.235  -180.69196  959  0.828  0.921
422 200 PRICE        0.655 -0.235  -136.26540  965  0.868  0.937
140 100 INSLEE      -0.361 -0.234   -59.33616  972  0.941  0.979
27 100 MCGOVERN    -0.572 -0.233   -42.06735  965  0.957  0.983
81 100 TSONGAS     -0.451 -0.232   -56.75463  965  0.943  0.977
363 200 ROE          0.481 -0.231  -123.81359  980  0.881  0.960
162 100 TAUSCHER    -0.327 -0.221   -12.98939  275  0.954  0.985
232 100 KOSMAS      -0.180 -0.220  -224.63062  972  0.794  0.914
99 100 ENGEL       -0.429 -0.219   -55.07559  935  0.943  0.978
73 100 CUMMINGS    -0.461 -0.218   -64.64841  972  0.936  0.979
231 100 MCMAHON     -0.180 -0.210  -295.47809  961  0.735  0.886
187 100 KIND        -0.284 -0.208  -333.78900  964  0.707  0.906
15 100 OLVER       -0.613 -0.207   -44.12860  966  0.955  0.987
276 200 DIAZ-BAL     0.242 -0.205  -198.98413  922  0.806  0.910
114 100 YARMUTH     -0.403 -0.204   -52.55769  958  0.947  0.982
304 200 BUCHANAN     0.347 -0.204  -192.41823  959  0.818  0.908
306 200 WALDEN       0.348 -0.204  -216.64977  961  0.798  0.895
381 200 KLINE        0.530 -0.204  -136.64867  969  0.868  0.948
317 200 WITTMAN      0.376 -0.203  -179.76221  972  0.831  0.919
222 100 HERSETH SAN -0.202  0.515  -295.70670  961  0.735  0.875
186 100 SMITH       -0.286 -0.201  -154.11055  957  0.851  0.949
139 100 SCHIFF      -0.362 -0.200   -41.79047  984  0.958  0.991
443 200 BROUN        0.941 -0.194   -92.85690  956  0.907  0.965
411 200 DUNCAN       0.600 -0.192  -332.61368  972  0.710  0.877
404 200 LINDER       0.574 -0.190  -163.89142  904  0.834  0.926
127 100 BRALEY      -0.379 -0.187   -78.81427  944  0.920  0.972
130 100 ROTHMAN     -0.376 -0.184   -45.08155  958  0.954  0.987
34 100 TOWNS       -0.550 -0.184   -78.01955  942  0.921  0.966
395 200 PITTS        0.553 -0.182  -133.32773  964  0.871  0.944
170 100 ANDREWS     -0.316 -0.179   -69.59641  951  0.929  0.977
141 100 BISHOP      -0.360 -0.178  -141.57385  969  0.864  0.957
182 100 SESTAK      -0.291 -0.178  -120.57780  909  0.876  0.956
281 200 KING         0.273 -0.178  -220.91043  959  0.794  0.909
441 200 STUTZMAN     0.795 -0.173    -4.36459   53  0.921  0.981
405 200 MYRICK       0.575 -0.172  -124.39967  959  0.878  0.952
4 100 MCDERMOT    -0.707 -0.171   -66.70621  971  0.934  0.977
148 100 ISRAEL      -0.348 -0.170   -57.24944  959  0.942  0.982
348 200 MCCAUL       0.445 -0.165  -164.11339  956  0.842  0.934
117 100 LEVIN       -0.399 -0.161   -46.82355  975  0.953  0.991
151 100 KILROY      -0.342 -0.161   -95.09028  970  0.907  0.969
41 100 CLAY        -0.536 -0.161  -114.00040  939  0.886  0.961
406 200 SCALISE      0.584 -0.160  -142.45758  967  0.863  0.940
322 200 CAMP         0.383 -0.159  -174.19096  961  0.834  0.920
191 100 HARMAN      -0.280 -0.156   -88.92338  899  0.906  0.970
376 200 COBLE        0.522 -0.156  -184.97702  951  0.823  0.927
394 200 CANTOR       0.552 -0.156  -124.72466  949  0.877  0.955
428 200 PENCE        0.677 -0.156   -96.42561  931  0.902  0.959
445 200 FLAKE        0.988 -0.156  -140.69864  941  0.861  0.948
171 100 MCCARTHY    -0.314 -0.155   -73.74867  874  0.919  0.970
203 100 MCNERNEY    -0.257 -0.155  -165.05316  972  0.844  0.935
111 100 GARAMENDI   -0.412 -0.154   -27.82975  401  0.933  0.970
54 100 FATTAH      -0.502 -0.154   -49.61459  968  0.950  0.980
372 200 LUNGREN      0.504 -0.152  -189.04062  975  0.824  0.921
401 200 WILSON       0.569 -0.151  -139.98351  982  0.867  0.934
83 100 DEUTCH      -0.450 -0.151   -17.15063  229  0.928  0.969
241 100 PERRIELLO   -0.144 -0.150  -300.46442  952  0.729  0.858
329 200 GALLEGLY     0.403 -0.150  -150.28362  947  0.853  0.926
308 200 LEWIS        0.352 -0.146  -236.80721  972  0.784  0.898
96 100 LARSON      -0.432 -0.146   -43.46264  939  0.955  0.987
345 200 SOUDER       0.442 -0.143  -186.29466  734  0.776  0.884
86 100 DELAURO     -0.446 -0.142   -54.88174  971  0.945  0.981
399 200 FLEMING      0.567 -0.140  -136.61757  978  0.870  0.931
267 200 LATOURET     0.206 -0.138  -232.04700  959  0.785  0.899
379 200 INGLIS       0.527 -0.136  -200.18326  951  0.810  0.923
437 200 SHADEGG      0.757 -0.136  -111.77412  932  0.887  0.953
40 100 HIRONO      -0.536 -0.132   -45.77212  969  0.954  0.983
255 100 MITCHELL    -0.067 -0.131  -453.69684  973  0.627  0.780
296 200 YOUNG        0.321 -0.130  -181.95012  823  0.802  0.904
430 200 JORDAN       0.690 -0.129  -107.99051  972  0.895  0.951
71 100 SARBANES    -0.466 -0.129   -41.74208  970  0.958  0.988
178 100 CONNOLLY    -0.298 -0.128  -173.45432  977  0.837  0.949
89 100 WASSERMA    -0.443 -0.124   -45.64066  944  0.953  0.982
369 200 NUNES        0.499 -0.122  -146.70337  917  0.852  0.932
335 200 ROGERS       0.414 -0.121  -168.48943  941  0.836  0.916
70 100 WELCH       -0.472 -0.121  -100.19691  937  0.899  0.965
370 200 BARTLETT     0.501 -0.116  -281.49750  979  0.750  0.873
377 200 SMITH        0.526 -0.116  -134.12180  983  0.872  0.948
237 100 COOPER      -0.168 -0.115  -588.86359  973  0.546  0.834
245 100 GIFFORDS    -0.127 -0.114  -367.81204  974  0.685  0.832
3 100 WATERS      -0.707 -0.112  -103.01616  908  0.893  0.966
358 200 POSEY        0.464 -0.112  -236.62282  984  0.786  0.900
378 200 BOEHNER      0.526 -0.111  -126.58147  912  0.870  0.951
397 200 STEARNS      0.559 -0.111  -192.47368  977  0.821  0.923
426 200 BARRETT      0.667 -0.109   -77.11052  612  0.882  0.959
93 100 KENNEDY     -0.438 -0.109   -38.98607  795  0.952  0.984
419 200 BLACKBURN    0.632 -0.108  -133.54056  962  0.870  0.939
150 100 SCHWARTZ    -0.347 -0.107   -65.08798  967  0.935  0.979
391 200 BURGESS      0.546 -0.107  -191.11891  953  0.818  0.919
301 200 MCCOTTER     0.341 -0.104  -221.59183  976  0.797  0.885
362 200 DREIER       0.478 -0.104  -200.16296  978  0.815  0.891
67 100 JOHNSON     -0.476 -0.104   -69.90653  934  0.928  0.974
311 200 REED         0.362 -0.103   -10.17292   49  0.813  0.918
77 100 ABERCROM    -0.457 -0.102   -30.24815  617  0.952  0.981
88 100 NEAL        -0.443 -0.099   -58.35385  961  0.941  0.976
55 100 SLAUGHTE    -0.499 -0.097   -46.85112  925  0.951  0.987
272 200 MCHUGH       0.225 -0.095  -132.89749  461  0.750  0.863
295 200 MILLER       0.320 -0.095  -216.03490  986  0.803  0.906
168 100 BERKLEY     -0.321 -0.094   -73.50143  953  0.926  0.978
365 200 MCCARTHY     0.487 -0.090  -127.05848  948  0.875  0.948
17 100 FUDGE       -0.607 -0.089   -54.70071  944  0.944  0.979
98 100 CROWLEY     -0.429 -0.088   -57.01088  960  0.942  0.975
367 200 GOODLATT     0.495 -0.085  -180.28595  984  0.833  0.927
408 200 BURTON       0.592 -0.085  -132.54987  970  0.872  0.941
103 100 PALLONE     -0.427 -0.084   -42.61499  971  0.957  0.985
66 100 CLEAVER     -0.477 -0.084   -79.81957  960  0.920  0.974
201 100 MAFFEI      -0.266 -0.075  -139.99069  975  0.866  0.952
300 200 LEE          0.334 -0.074  -178.26248  973  0.833  0.921
323 200 SHIMKUS      0.399 -0.074  -192.28333  970  0.820  0.906
417 200 MCHENRY      0.618 -0.073  -129.81032  958  0.873  0.946
287 200 DIAZ-BALA    0.298 -0.072  -204.78629  964  0.809  0.918
364 200 LUETKEMEYER  0.485 -0.072  -136.08153  977  0.870  0.948
280 200 CAPITO       0.256 -0.068  -165.69597  968  0.843  0.940
339 200 BOUSTANY     0.422 -0.067  -175.23247  957  0.833  0.917
65 100 OBEY        -0.479 -0.064   -58.63353  959  0.941  0.979
374 200 MANZULLO     0.519 -0.062  -190.63916  974  0.822  0.912
129 100 GRAYSON     -0.377 -0.059   -87.94256  966  0.913  0.971
177 100 HEINRICH    -0.304 -0.058  -117.91269  985  0.887  0.963
92 100 CASTOR      -0.438 -0.054   -38.61972  937  0.960  0.989
385 200 SULLIVAN     0.536 -0.052  -110.50565  805  0.872  0.953
144 100 SHEA-PORTER -0.354 -0.051   -82.91448  959  0.917  0.969
435 200 LAMBORN      0.728 -0.049   -93.31319  981  0.909  0.970
315 200 BILIRAKI     0.373 -0.047  -174.73895  977  0.836  0.924
149 100 PRICE       -0.347 -0.046   -59.98411  982  0.941  0.981
137 100 RICHARDSON  -0.367 -0.045   -80.43914  945  0.918  0.967
174 100 MICHAUD     -0.307 -0.045  -225.42935  985  0.795  0.912
133 100 CARNAHAN    -0.371 -0.044   -47.21517  976  0.953  0.986
347 200 WAMP         0.444 -0.044  -148.50368  780  0.827  0.917
366 200 ROONEY       0.492 -0.043  -222.72116  977  0.796  0.905
407 200 DEAL         0.591 -0.041   -97.60419  583  0.846  0.938
18 100 HINCHEY     -0.605 -0.040   -66.92271  942  0.931  0.975
213 100 MASSA       -0.220 -0.040  -148.51138  672  0.802  0.930
325 200 AUSTRIA      0.401 -0.040  -143.16144  985  0.865  0.940
120 100 SANCHEZ     -0.394 -0.036  -104.80968  918  0.892  0.965
121 100 MILLER      -0.394 -0.036   -51.44505  977  0.949  0.984
118 100 KILDEE      -0.399 -0.035   -61.01814  986  0.940  0.983
284 200 YOUNG        0.274 -0.034  -503.96930  885  0.566  0.794
438 200 FRANKS       0.775 -0.034  -110.13522  979  0.894  0.943
337 200 SMITH        0.414 -0.030  -158.80948  963  0.848  0.928
352 200 FALLIN       0.455 -0.028  -112.35873  850  0.876  0.958
185 100 KLEIN       -0.286 -0.025   -88.83746  964  0.912  0.971
414 200 SESSIONS     0.609 -0.023  -114.31361  954  0.887  0.959
330 200 GRANGER      0.403 -0.022  -159.37508  865  0.832  0.911
318 200 BROWN-WAI    0.377 -0.018  -229.45302  896  0.774  0.888
124 100 LUJAN       -0.388 -0.016   -50.82074  978  0.949  0.985
62 100 SCOTT       -0.481 -0.016   -81.61942  958  0.918  0.971
298 200 SCHOCK       0.330 -0.015  -192.16194  946  0.816  0.914
166 100 LOEBSACK    -0.323 -0.008   -90.75060  966  0.910  0.966
423 200 MILLER       0.656 -0.007  -140.25310  972  0.866  0.928
183 100 SNYDER      -0.289 -0.003  -144.60207  961  0.860  0.954
342 200 MCKEON       0.424 -0.002  -163.39589  970  0.845  0.924
353 200 GRAVES       0.456 -0.002  -130.50146  904  0.866  0.952
299 200 ROGERS       0.332 -0.001  -148.81519  972  0.858  0.948
152 100 HALL        -0.341  0.004   -80.69145  951  0.919  0.971
359 200 MICA         0.465  0.007  -174.95691  973  0.835  0.934
398 200 GOHMERT      0.561  0.010  -218.16058  889  0.782  0.899
389 200 BARTON       0.540  0.018  -224.01602  946  0.789  0.879
126 100 PASCRELL    -0.385  0.021  -122.70847  947  0.878  0.971
250 100 MURPHY      -0.126  0.021  -272.62851  807  0.713  0.845
340 200 PUTNAM       0.423  0.021  -170.28580  929  0.833  0.918
128 100 MEEK        -0.378  0.024   -65.70549  927  0.932  0.974
387 200 LATTA        0.538  0.026  -111.31393  976  0.892  0.965
390 200 BISHOP       0.543  0.032  -154.81123  897  0.841  0.932
63 100 JACKSON-    -0.479  0.033   -80.06183  934  0.918  0.973
109 100 SIRES       -0.417  0.034   -74.98851  954  0.924  0.971
143 100 HIGGINS     -0.356  0.034   -44.10888  952  0.955  0.985
285 200 TURNER       0.280  0.034  -213.08560  972  0.803  0.906
331 200 BOOZMAN      0.406  0.035  -134.64803  975  0.871  0.942
14 100 CAPUANO     -0.618  0.036   -57.68235  884  0.937  0.979
310 200 CALVERT      0.361  0.039  -145.44991  958  0.859  0.950
420 200 AKIN         0.633  0.040  -137.76125  934  0.863  0.936
256 100 KRATOVIL    -0.053  0.042  -352.82135  984  0.699  0.821
396 200 HERGER       0.558  0.043  -143.51228  977  0.863  0.931
85 100 PASTOR      -0.446  0.044   -79.40269  968  0.921  0.970
431 200 WESTMORE     0.697  0.046  -115.79747  911  0.881  0.948
371 200 RADANOVI     0.503  0.048  -132.64743  757  0.839  0.927
400 200 THORNBER     0.568  0.048  -130.28090  983  0.876  0.951
5 100 FILNER      -0.682  0.054  -115.40911  966  0.887  0.964
218 100 DRIEHAUS    -0.207  0.055  -197.21935  983  0.818  0.924
132 100 COURTNEY    -0.374  0.057   -86.37338  972  0.915  0.970
172 100 RUPPERSBE   -0.313  0.059   -69.61668  938  0.928  0.977
351 200 BUYER        0.450  0.059  -173.18822  862  0.818  0.914
355 200 BLUNT        0.461  0.060  -168.38000  866  0.823  0.925
386 200 BRADY        0.538  0.064  -167.22382  968  0.841  0.934
87 100 BROWN       -0.446  0.068   -67.42660  939  0.931  0.973
336 200 FORBES       0.414  0.069  -175.79367  972  0.835  0.918
412 200 MARCHANT     0.603  0.070  -134.16812  904  0.862  0.937
388 200 OLSON        0.540  0.078  -170.79930  956  0.836  0.944
119 100 HOYER       -0.395  0.080   -48.57961  970  0.951  0.987
312 200 CRENSHAW     0.367  0.085  -157.48526  954  0.848  0.941
380 200 HUNTER       0.528  0.085  -141.38841  985  0.866  0.944
328 200 BACHUS       0.403  0.088  -163.30107  962  0.844  0.927
116 100 WU          -0.400  0.089  -163.55190  956  0.843  0.947
163 100 DICKS       -0.326  0.089   -55.73257  963  0.944  0.982
80 100 CARSON      -0.453  0.091   -43.79025  980  0.956  0.984
421 200 NEUGEBAUE    0.640  0.097  -104.79259  950  0.896  0.966
122 100 LANGEVIN    -0.393  0.101   -46.31292  975  0.954  0.985
210 100 SCHRADER    -0.237  0.109  -147.05005  946  0.856  0.955
427 200 FOXX         0.671  0.109  -127.29736  984  0.879  0.952
290 200 WHITFIEL     0.308  0.112  -237.73589  960  0.781  0.914
125 100 LYNCH       -0.387  0.117   -93.55650  958  0.907  0.962
145 100 GONZALEZ    -0.354  0.119   -49.58231  959  0.950  0.986
251 100 ADLER       -0.124  0.120  -327.11227  966  0.713  0.856
294 200 LATHAM       0.320  0.120  -172.24228  966  0.837  0.925
346 200 HALL         0.443  0.120  -190.67300  957  0.819  0.907
115 100 HARE        -0.401  0.124   -53.65295  977  0.947  0.982
320 200 BROWN        0.380  0.124  -117.61170  897  0.877  0.951
415 200 CONAWAY      0.613  0.124  -118.66564  942  0.882  0.955
277 200 MURPHY       0.250  0.128  -245.12567  961  0.775  0.881
292 200 SIMPSON      0.312  0.129  -240.32506  965  0.780  0.901
184 100 MOORE       -0.288  0.131  -116.60107  969  0.887  0.970
192 100 BOUCHER     -0.277  0.131  -131.11674  916  0.867  0.954
368 200 MILLER       0.498  0.131  -147.36578  845  0.840  0.920
424 200 KING         0.656  0.133  -126.59538  968  0.877  0.936
305 200 REHBERG      0.347  0.134  -127.85716  983  0.878  0.959
403 200 GINGREY      0.574  0.134  -163.52148  957  0.843  0.924
138 100 KAPTUR      -0.364  0.135  -175.49115  942  0.830  0.942
155 100 KAGEN       -0.336  0.137   -82.36916  951  0.917  0.976
199 100 TITUS       -0.269  0.137  -123.29797  983  0.882  0.959
75 100 SUTTON      -0.459  0.137   -42.48120  954  0.956  0.986
134 100 RODRIGUEZ   -0.368  0.143   -85.45731  957  0.915  0.972
21 100 HASTINGS    -0.593  0.143   -48.58775  906  0.948  0.985
338 200 MORAN        0.416  0.146  -197.44148  912  0.805  0.891
244 100 HILL        -0.130  0.150  -394.47296  955  0.662  0.799
112 100 BUTTERFI    -0.408  0.152   -50.26113  918  0.947  0.980
153 100 HINOJOSA    -0.340  0.155   -55.03548  874  0.939  0.978
52 100 JOHNSON     -0.503  0.160   -63.11931  937  0.935  0.977
344 200 HARPER       0.439  0.162  -170.39554  960  0.837  0.924
349 200 HASTINGS     0.445  0.176  -148.73981  946  0.855  0.933
173 100 PERLMUTTER  -0.311  0.181  -106.98396  958  0.894  0.968
167 100 SCOTT       -0.321  0.182   -82.45525  979  0.919  0.975
313 200 COLE         0.371  0.198  -171.80779  970  0.838  0.930
410 200 POE          0.599  0.202  -183.48186  953  0.825  0.918
361 200 TIAHRT       0.473  0.204  -170.54417  897  0.827  0.915
416 200 JOHNSON      0.617  0.207  -129.83096  931  0.870  0.948
146 100 BACA        -0.353  0.209   -46.30313  955  0.953  0.987
61 100 CLYBURN     -0.483  0.213   -47.86221  963  0.952  0.983
58 100 DEFAZIO     -0.488  0.215  -151.61215  948  0.852  0.953
264 200 CAO          0.136  0.218  -290.54001  926  0.731  0.859
200 100 SPRATT      -0.268  0.220   -88.72666  972  0.913  0.974
160 100 DOYLE       -0.330  0.222   -81.98548  938  0.916  0.968
205 100 BOSWELL     -0.252  0.224   -94.17799  964  0.907  0.971
314 200 GUTHRIE      0.371  0.225  -112.18279  982  0.892  0.965
175 100 ETHERIDG    -0.306  0.228  -103.73781  979  0.899  0.968
101 100 THOMPSON    -0.428  0.229   -97.43890  979  0.905  0.970
309 200 ALEXANDER    0.357  0.235  -131.10753  953  0.871  0.949
392 200 KINGSTON     0.550  0.235  -199.87042  971  0.814  0.903
158 100 REYES       -0.332  0.237   -61.37053  929  0.936  0.977
214 100 GORDON      -0.217  0.238  -127.02365  934  0.873  0.960
11 100 KUCINICH    -0.627  0.243  -442.91333  982  0.637  0.895
283 200 EMERSON      0.274  0.243  -197.29086  967  0.815  0.912
57 100 BRADY       -0.498  0.243   -40.05090  965  0.959  0.991
270 200 JONES        0.218  0.244  -444.51651  942  0.624  0.798
333 200 SHUSTER      0.409  0.245  -134.50703  966  0.870  0.946
334 200 GRIFFITH     0.409  0.245   -27.96064  275  0.903  0.960
176 100 WALZ        -0.304  0.247  -125.62183  981  0.880  0.961
123 100 LARSEN      -0.388  0.259   -63.05966  974  0.937  0.974
341 200 DAVIS        0.423  0.259  -152.03571  944  0.851  0.935
212 100 MURPHY      -0.221  0.263  -133.09010  939  0.868  0.953
215 100 ARCURI      -0.215  0.266  -275.39285  974  0.754  0.884
321 200 LUCAS        0.382  0.270  -112.06824  923  0.886  0.952
74 100 DINGELL     -0.460  0.273   -58.01494  952  0.941  0.977
188 100 LIPINSKI    -0.283  0.275  -150.90857  965  0.855  0.944
28 100 OBERSTAR    -0.571  0.275   -93.00054  965  0.908  0.967
195 100 POMEROY     -0.274  0.277   -96.69604  964  0.905  0.967
230 100 OWENS       -0.182  0.285  -182.82739  412  0.642  0.871
136 100 BAIRD       -0.367  0.292  -397.30801  944  0.656  0.890
97 100 GREEN       -0.431  0.296   -44.62670  979  0.955  0.988
104 100 VISCLOSKY   -0.427  0.297  -124.95690  975  0.880  0.955
326 200 BONNER       0.402  0.299  -125.99737  933  0.874  0.949
94 100 RYAN        -0.435  0.302   -72.10880  965  0.928  0.971
303 200 ROGERS       0.346  0.309  -173.06464  975  0.837  0.925
240 100 TEAGUE      -0.147  0.318  -304.42456  961  0.728  0.869
198 100 DAVIS       -0.270  0.327  -130.50172  807  0.851  0.942
384 200 CULBERSO     0.532  0.328  -163.02696  930  0.839  0.928
225 100 BOYD        -0.193  0.336  -180.16585  925  0.823  0.935
169 100 KANJORSK    -0.318  0.342  -126.54050  975  0.878  0.952
302 200 THOMPSON     0.342  0.342  -145.45026  976  0.862  0.938
307 200 BONO MACK    0.350 -0.347  -182.07961  965  0.828  0.919
228 100 DAHLKEMPER  -0.186  0.352  -219.17691  965  0.797  0.905
220 100 MARKEY      -0.202  0.355  -218.84415  971  0.798  0.917
223 100 BOCCIERI    -0.198  0.360  -190.58960  978  0.823  0.917
159 100 RAHALL      -0.331  0.375  -125.06448  979  0.880  0.957
253 100 SHULER      -0.095  0.381  -403.80450  931  0.648  0.773
373 200 CARTER       0.507  0.385  -146.17355  949  0.857  0.930
179 100 GILLIBRAND  -0.298  0.396   -69.75355  615  0.893  0.951
193 100 BISHOP      -0.277  0.404   -92.96360  952  0.907  0.975
156 100 GREEN       -0.334  0.409   -70.23462  948  0.929  0.978
224 100 KISSELL     -0.197  0.410  -154.52551  975  0.853  0.955
46 100 THOMPSON    -0.522  0.412   -71.81239  961  0.928  0.973
209 100 EDWARDS     -0.237  0.414  -140.82404  957  0.863  0.947
247 100 BARROW      -0.127  0.437  -212.51515  970  0.803  0.928
350 200 MCMORRIS RO  0.446 -0.013  -142.47600  930  0.858  0.945
206 100 CARDOZA     -0.247  0.456  -127.41632  937  0.873  0.958
208 100 CHANDLER    -0.238  0.463  -128.08202  942  0.873  0.954
319 200 ADERHOLT     0.379  0.468  -140.86720  954  0.863  0.942
257 100 GRIFFITH    -0.048  0.488  -193.50761  639  0.739  0.879
190 100 SALAZAR     -0.281  0.501  -116.93786  952  0.884  0.955
196 100 MURTHA      -0.273  0.503   -49.24546  602  0.921  0.975
249 100 MATHESON    -0.126  0.505  -276.94849  977  0.753  0.889
217 100 COSTA       -0.210  0.515  -182.67947  953  0.826  0.925
211 100 HOLDEN      -0.236  0.546  -152.18767  968  0.855  0.943
233 100 SPACE       -0.179  0.548  -203.71577  957  0.808  0.908
165 100 WILSON      -0.323  0.558   -83.03235  947  0.916  0.969
197 100 ORTIZ       -0.272  0.591   -89.40691  952  0.910  0.973
181 100 MOLLOHAN    -0.294  0.592   -84.67192  933  0.913  0.973
236 100 MCINTYRE    -0.169  0.596  -269.82828  975  0.758  0.882
226 100 TANNER      -0.190  0.607  -184.65404  912  0.817  0.924
164 100 COSTELLO    -0.325  0.653  -156.06136  947  0.848  0.937
113 100 STUPAK      -0.407  0.658  -182.23344  913  0.819  0.935
207 100 CUELLAR     -0.244  0.662  -153.35904  974  0.854  0.948
229 100 ROSS        -0.185  0.678  -151.75914  974  0.856  0.948
243 100 DONNELLY    -0.138  0.687  -289.01266  982  0.745  0.853
235 100 SKELTON     -0.176  0.696  -183.94180  969  0.827  0.933
242 100 CARNEY      -0.139  0.749  -253.20932  911  0.757  0.866
219 100 DAVIS       -0.205  0.756  -144.47365  924  0.855  0.950
227 100 MELANCON    -0.189  0.797  -222.90901  886  0.778  0.901
180 100 BERRY       -0.295  0.849  -227.51866  896  0.776  0.910
260 100 CHILDERS    -0.013  0.863  -311.29337  968  0.725  0.851
239 100 PETERSON    -0.156  0.868  -223.52092  976  0.795  0.915
238 100 ALTMIRE     -0.157  0.883  -310.64175  987  0.730  0.850
248 100 ELLSWORTH   -0.126  0.912  -296.74930  955  0.733  0.854
246 100 MARSHALL    -0.127  0.941  -313.98215  966  0.723  0.856
157 100 CRITZ       -0.333  0.942   -43.70042  213  0.815  0.920
252 100 BOREN       -0.102  0.971  -249.53993  949  0.769  0.885
258 100 TAYLOR      -0.047  0.999  -430.60889  944  0.634  0.771
